1951	01	40
1951	02	41	
1951	03	43	
1951	04	42
1951	05	43	
1951	06	41
1951	07	42	
1951	08	42	
1951	09	41
1951	10	42	
1951	11	42	
1951	12	42	
1952	01	44
1952	02	43	
1952	03	42
1952	04	43	
1952	05	42	
1952	06	42	
1952	07	43
1952	08	43
1952	09	46	
1952	10	48
1952	11	48
1952	12	48
1953	01	47	
1953	02	47
1953	03	50
1953	04	49	
1953	05	47
1953	06	45	
1953	07	43
1953	08	41	
1953	09	40
1953	10	36	
1953	11	33	
1953	12	30	
1954	01	29	
1954	02	28
1954	03	27	
1954	04	27
1954	05	26
1954	06	27	
1954	07	26
1954	08	26	
1954	09	26
1954	10	26	
1954	11	28
1954	12	29	
1955	01	30	
1955	02	32	
1955	03	34	
1955	04	34
1955	05	36	
1955	06	38	
1955	07	39
1955	08	41	
1955	09	43	
1955	10	42	
1955	11	44
1955	12	46	
1956	01	44	
1956	02	45	
1956	03	45	
1956	04	45	
1956	05	45	
1956	06	44
1956	07	42	
1956	08	43	
1956	09	43	
1956	10	45
1956	11	45	
1956	12	43	
1957	01	45	
1957	02	43	
1957	03	42
1957	04	40	
1957	05	40
1957	06	38	
1957	07	39
1957	08	37
1957	09	36
1957	10	34
1957	11	30	
1957	12	29	
1958	01	28	
1958	02	26	
1958	03	25
1958	04	24
1958	05	24	
1958	06	25	
1958	07	26
1958	08	27
1958	09	29	
1958	10	29	
1958	11	30	
1958	12	32	
1959	01	32
1959	02	34
1959	03	36	
1959	04	38	
1959	05	38	
1959	06	40
1959	07	42	
1959	08	40
1959	09	41	
1959	10	40
1959	11	40	
1959	12	40	
1960	01	41
1960	02	41	
1960	03	39
1960	04	38	
1960	05	38	
1960	06	37
1960	07	36	
1960	08	35	
1960	09	34
1960	10	32	
1960	11	32
1960	12	30	
1961	01	30
1961	02	30
1961	03	30
1961	04	30
1961	05	32	
1961	06	32	
1961	07	33	
1961	08	34	
1961	09	35
1961	10	37	
1961	11	38
1961	12	38	
1962	01	40	
1962	02	39
1962	03	39
1962	04	39
1962	05	40	
1962	06	39
1962	07	39	
1962	08	38
1962	09	38
1962	10	37
1962	11	37	
1962	12	37
1963	01	38	
1963	02	38	
1963	03	38
1963	04	38
1963	05	37	
1963	06	37
1963	07	38
1963	08	38	
1963	09	38	
1963	10	39	
1963	11	38
1963	12	40
1964	01	40
1964	02	40
1964	03	40
1964	04	42	
1964	05	42
1964	06	43	
1964	07	45	
1964	08	44	
1964	09	45
1964	10	45	
1964	11	47	
1964	12	47
1965	01	47
1965	02	49	
1965	03	50	
1965	04	51
1965	05	53
1965	06	53	
1965	07	53	
1965	08	55
1965	09	57
1965	10	59	
1965	11	63
1965	12	64
1966	01	65
1966	02	66
1966	03	70
1966	04	67	
1966	05	68	
1966	06	69	
1966	07	69	
1966	08	68	
1966	09	67
1966	10	67	
1966	11	67	
1966	12	66	
1967	01	67	
1967	02	66	
1967	03	64	
1967	04	65
1967	05	64
1967	06	64
1967	07	63	
1967	08	65	
1967	09	64
1967	10	66
1967	11	65
1967	12	66	
1968	01	67
1968	02	66	
1968	03	67	
1968	04	69	
1968	05	69
1968	06	69	
1968	07	71
1968	08	72
1968	09	73	
1968	10	77
1968	11	77
1968	12	76
1969	01	79	
1969	02	79
1969	03	80	
1969	04	80	
1969	05	80	
1969	06	78
1969	07	77	
1969	08	76	
1969	09	80	
1969	10	79	
1969	11	77	
1969	12	75	
1970	01	71	
1970	02	71
1970	03	67	
1970	04	65	
1970	05	61	
1970	06	60
1970	07	58	
1970	08	57	
1970	09	56
1970	10	53	
1970	11	53	
1970	12	53
1971	01	51	
1971	02	52
1971	03	52	
1971	04	52
1971	05	53
1971	06	55	
1971	07	54	
1971	08	55	
1971	09	54
1971	10	55	
1971	11	56	
1971	12	56	
1972	01	59	
1972	02	60	
1972	03	62	
1972	04	62	
1972	05	64
1972	06	64
1972	07	66	
1972	08	68	
1972	09	69
1972	10	72	
1972	11	73	
1972	12	80	
1973	01	82	
1973	02	82	
1973	03	82	
1973	04	81	
1973	05	82	
1973	06	82	
1973	07	84
1973	08	82
1973	09	81
1973	10	82
1973	11	82
1973	12	79
1974	01	78	
1974	02	77	
1974	03	77
1974	04	79	
1974	05	78	
1974	06	76	
1974	07	74
1974	08	72
1974	09	69
1974	10	64	
1974	11	59	
1974	12	54
1975	01	51	
1975	02	50	
1975	03	49	
1975	04	49
1975	05	49	
1975	06	52	
1975	07	53
1975	08	52	
1975	09	54	
1975	10	54	
1975	11	56
1975	12	56	
1976	01	57	
1976	02	60	
1976	03	61
1976	04	60
1976	05	62
1976	06	62	
1976	07	62
1976	08	62
1976	09	61	
1976	10	62	
1976	11	64	
1976	12	66	
1977	01	68	
1977	02	68	
1977	03	70	
1977	04	72	
1977	05	74
1977	06	75	
1977	07	77	
1977	08	79
1977	09	78	
1977	10	82	
1977	11	85
1977	12	88
1978	01	88	
1978	02	89	
1978	03	91	
1978	04	97	
1978	05	96	
1978	06	97	
1978	07	96
1978	08	98	
1978	09	99
1978	10	103
1978	11	102
1978	12	103	
1979	01	102
1979	02	100	
1979	03	100
1979	04	104
1979	05	103
1979	06	101	
1979	07	101	
1979	08	102	
1979	09	105	
1979	10	106	
1979	11	100	
1979	12	99	
1980	01	97
1980	02	94	
1980	03	93	
1980	04	82
1980	05	76	
1980	06	77
1980	07	77
1980	08	78	
1980	09	81	
1980	10	81
1980	11	84
1980	12	81
1981	01	80
1981	02	81	
1981	03	81	
1981	04	81	
1981	05	80	
1981	06	80	
1981	07	80	
1981	08	79
1981	09	75	
1981	10	71
1981	11	70	
1981	12	67
1982	01	67
1982	02	64
1982	03	62
1982	04	60
1982	05	59	
1982	06	56
1982	07	53
1982	08	52
1982	09	49
1982	10	49	
1982	11	50	
1982	12	51	
1983	01	52
1983	02	52	
1983	03	54
1983	04	55	
1983	05	60	
1983	06	60	
1983	07	64	
1983	08	65	
1983	09	67	
1983	10	72	
1983	11	73	
1983	12	76
1984	01	78	
1984	02	81	
1984	03	81	
1984	04	85	
1984	05	86	
1984	06	87	
1984	07	89
1984	08	86
1984	09	88	
1984	10	89
1984	11	88
1984	12	91
1985	01	89	
1985	02	90	
1985	03	92	
1985	04	91	
1985	05	92
1985	06	92	
1985	07	91	
1985	08	92	
1985	09	93	
1985	10	92	
1985	11	93	
1985	12	90	
1986	01	91	
1986	02	91
1986	03	91	
1986	04	91	
1986	05	90	
1986	06	92
1986	07	91	
1986	08	92
1986	09	93	
1986	10	93
1986	11	97
1986	12	92	
1987	01	91	
1987	02	95	
1987	03	99
1987	04	97
1987	05	99
1987	06	100	
1987	07	100	
1987	08	104
1987	09	103
1987	10	104
1987	11	106
1987	12	101	
1988	01	102
1988	02	102	
1988	03	104	
1988	04	102	
1988	05	105
1988	06	102
1988	07	104
1988	08	104	
1988	09	100
1988	10	104	
1988	11	102	
1988	12	104	
1989	01	104	
1989	02	103
1989	03	99	
1989	04	103
1989	05	98	
1989	06	96
1989	07	96	
1989	08	95	
1989	09	95	
1989	10	97
1989	11	94
1989	12	96
1990	01	97
1990	02	92	
1990	03	90	
1990	04	90
1990	05	86
1990	06	86	
1990	07	85
1990	08	82	
1990	09	81
1990	10	75	
1990	11	71
1990	12	71
1991	01	67	
1991	02	64	
1991	03	63
1991	04	63
1991	05	61	
1991	06	64
1991	07	61
1991	08	60	
1991	09	62
1991	10	59	
1991	11	60	
1991	12	60	
1992	01	59
1992	02	61	
1992	03	64	
1992	04	61
1992	05	63	
1992	06	63
1992	07	61
1992	08	63	
1992	09	62	
1992	10	62	
1992	11	66
1992	12	65	
1993	01	66	
1993	02	67	
1993	03	66
1993	04	66
1993	05	68	
1993	06	67
1993	07	68
1993	08	71	
1993	09	71	
1993	10	74	
1993	11	74
1993	12	75
1994	01	77	
1994	02	79
1994	03	80	
1994	04	80
1994	05	83
1994	06	81
1994	07	85	
1994	08	82	
1994	09	83	
1994	10	88	
1994	11	87
1994	12	90	
1995	01	88	
1995	02	87	
1995	03	85	
1995	04	86	
1995	05	80	
1995	06	82
1995	07	85
1995	08	84	
1995	09	83
1995	10	85	
1995	11	82
1995	12	88	
1996	01	85
1996	02	82	
1996	03	84
1996	04	82	
1996	05	79
1996	06	85	
1996	07	82	
1996	08	81
1996	09	84
1996	10	81	
1996	11	87
1996	12	86	
1997	01	85	
1997	02	89	
1997	03	87
1997	04	86	
1997	05	82
1997	06	88	
1997	07	85	
1997	08	86	
1997	09	90	
1997	10	88
1997	11	93
1997	12	87
1998	01	90
1998	02	92
1998	03	92	
1998	04	90	
1998	05	91
1998	06	89
1998	07	89
1998	08	90
1998	09	86
1998	10	85	
1998	11	90
1998	12	87
1999	01	92	
1999	02	93	
1999	03	89
1999	04	88	
1999	05	89	
1999	06	85	
1999	07	86
1999	08	86	
1999	09	83
1999	10	86
1999	11	85
1999	12	87
2000	01	89	
2000	02	90	
2000	03	88
2000	04	89	
2000	05	83	
2000	06	82
2000	07	82
2000	08	77
2000	09	79	
2000	10	78	
2000	11	75	
2000	12	78	
2001	01	77	
2001	02	72	
2001	03	67	
2001	04	65	
2001	05	60	
2001	06	58	
2001	07	57	
2001	08	53	
2001	09	53
2001	10	46
2001	11	45	
2001	12	47	
2002	01	47	
2002	02	46	
2002	03	47	
2002	04	47	
2002	05	44	
2002	06	47
2002	07	44	
2002	08	41	
2002	09	43	
2002	10	40	
2002	11	40	
2002	12	39	
2003	01	41	
2003	02	41	
2003	03	39
2003	04	37	
2003	05	36	
2003	06	38
2003	07	38	
2003	08	37
2003	09	37	
2003	10	36
2003	11	38	
2003	12	38	
2004	01	38	
2004	02	40	
2004	03	39	
2004	04	38
2004	05	39	
2004	06	38
2004	07	38	
2004	08	37	
2004	09	36	
2004	10	37
2004	11	36	
2004	12	40
2005	01	42	
2005	02	41	
2005	03	39	
2005	04	39
2005	05	38	
2005	06	39	
2005	07	39
2005	08	38
2005	09	37
2005	10	38	
2005	11	38	
2005	12	38
2006	01	38	
2006	02	39
2006	03	37	
2006	04	35	
2006	05	34	
2006	06	34	
2006	07	32	
